[[ 0.00000000e+00  0.00000000e+00  0.00000000e+00]
 [ 6.68335199e-01  6.64182246e-01  4.97693243e-03]
 [ 6.40542865e-01  5.90276062e-01  2.46960204e-03]
 [ 5.93346238e-01  5.79427421e-01 -2.51104007e-04]
 [ 5.53958297e-01  5.86774945e-01 -6.19416870e-03]
 [ 6.36397004e-01  5.59719145e-01 -1.60976760e-02]
 [ 6.11958385e-01  4.64683563e-01 -2.28041783e-02]
 [ 5.97988904e-01  4.14750606e-01 -2.62493249e-02]
 [ 5.84872067e-01  3.75400305e-01 -2.83747707e-02]
 [ 5.98292649e-01  5.80200016e-01 -2.45296750e-02]
 [ 5.65587759e-01  4.81524289e-01 -2.95570176e-02]
 [ 5.42555690e-01  4.25427794e-01 -3.46590467e-02]
 [ 5.22030354e-01  3.80825371e-01 -3.80555578e-02]
 [ 5.65792322e-01  6.10442340e-01 -3.05948183e-02]
 [ 5.30803442e-01  5.19166589e-01 -3.70775536e-02]
 [ 5.13355017e-01  4.64845479e-01 -4.75456193e-02]
 [ 4.97957706e-01  4.22123373e-01 -5.54363206e-02]
 [ 5.42551577e-01  6.45666838e-01 -3.45765576e-02]
 [ 5.27399957e-01  5.89565217e-01 -4.05548587e-02]
 [ 5.37972927e-01  5.82593799e-01 -3.90598178e-02]
 [ 5.48763573e-01  5.85294902e-01 -3.70685123e-02]]
[[ 3.05716962e-01  7.74187505e-01  6.99491579e-07]
 [ 3.61458361e-01  7.51331091e-01 -2.88918223e-02]
 [ 4.13059592e-01  7.03395128e-01 -4.35364135e-02]
 [ 4.31224018e-01  6.52513504e-01 -5.79630397e-02]
 [ 4.14469630e-01  6.12883985e-01 -7.04033077e-02]
 [ 4.14029360e-01  5.70169151e-01 -1.56522710e-02]
 [ 4.54256803e-01  4.92595255e-01 -4.14410159e-02]
 [ 4.82410431e-01  4.46932077e-01 -5.96949384e-02]
 [ 5.05828977e-01  4.10968840e-01 -6.80258572e-02]
 [ 3.78789216e-01  5.47764182e-01 -1.67208519e-02]
 [ 3.97764891e-01  4.41739082e-01 -3.97573225e-02]
 [ 4.18618202e-01  3.88414085e-01 -5.37641980e-02]
 [ 4.37276632e-01  3.55307043e-01 -5.75958043e-02]
 [ 3.41159642e-01  5.53147376e-01 -2.21217982e-02]
 [ 3.69856417e-01  5.17043173e-01 -5.36561497e-02]
 [ 3.84750247e-01  5.63863695e-01 -5.79336621e-02]
 [ 3.89505059e-01  6.04655921e-01 -4.88145500e-02]
 [ 3.05901974e-01  5.73334396e-01 -3.00980676e-02]
 [ 3.33927244e-01  5.51759720e-01 -4.90967967e-02]
 [ 3.49641234e-01  5.80662847e-01 -4.39412221e-02]
 [ 3.54797721e-01  6.07527673e-01 -3.25723141e-02]]
[[ 0.          0.          0.        ]
 [ 0.36145836  0.75133109 -0.02889182]
 [ 0.41305959  0.70339513 -0.04353641]
 [ 0.43122402  0.6525135  -0.05796304]
 [ 0.41446963  0.61288399 -0.07040331]
 [ 0.41402936  0.57016915 -0.01565227]
 [ 0.4542568   0.49259526 -0.04144102]
 [ 0.48241043  0.44693208 -0.05969494]
 [ 0.50582898  0.41096884 -0.06802586]
 [ 0.37878922  0.54776418 -0.01672085]
 [ 0.39776489  0.44173908 -0.03975732]
 [ 0.4186182   0.38841408 -0.0537642 ]
 [ 0.43727663  0.35530704 -0.0575958 ]
 [ 0.34115964  0.55314738 -0.0221218 ]
 [ 0.36985642  0.51704317 -0.05365615]
 [ 0.38475025  0.56386369 -0.05793366]
 [ 0.38950506  0.60465592 -0.04881455]
 [ 0.30590197  0.5733344  -0.03009807]
 [ 0.33392724  0.55175972 -0.0490968 ]
 [ 0.34964123  0.58066285 -0.04394122]
 [ 0.35479772  0.60752767 -0.03257231]]
[[ 3.10133696e-01  7.79348612e-01  6.33698392e-07]
 [ 3.55791450e-01  7.34271526e-01 -2.88280845e-02]
 [ 3.72672975e-01  6.59512520e-01 -3.96475382e-02]
 [ 3.27358872e-01  6.27894580e-01 -4.74212468e-02]
 [ 2.75250643e-01  6.16145551e-01 -5.71450479e-02]
 [ 3.48777354e-01  5.26223600e-01 -2.30368357e-02]
 [ 3.45072746e-01  4.31944251e-01 -3.58182676e-02]
 [ 3.41396779e-01  3.74022782e-01 -4.57754582e-02]
 [ 3.36304426e-01  3.23008180e-01 -5.42707518e-02]
 [ 3.00788373e-01  5.27835488e-01 -2.66377311e-02]
 [ 2.80291915e-01  4.23958778e-01 -3.90683040e-02]
 [ 2.65013903e-01  3.59880149e-01 -5.59354126e-02]
 [ 2.51012236e-01  3.09826493e-01 -6.68804049e-02]
 [ 2.64552593e-01  5.57400703e-01 -3.31658311e-02]
 [ 2.29887575e-01  4.69581842e-01 -6.23266287e-02]
 [ 2.06658244e-01  4.08117086e-01 -9.39286798e-02]
 [ 1.85440049e-01  3.56207967e-01 -1.14298187e-01]
 [ 2.38634899e-01  6.06615722e-01 -4.04774547e-02]
 [ 2.47336119e-01  5.87910891e-01 -7.77389929e-02]
 [ 2.70736367e-01  6.25539780e-01 -9.51592624e-02]
 [ 2.88996249e-01  6.63455427e-01 -1.03651747e-01]]
[[ 0.          0.          0.        ]
 [ 0.35579145  0.73427153 -0.02882808]
 [ 0.37267298  0.65951252 -0.03964754]
 [ 0.32735887  0.62789458 -0.04742125]
 [ 0.27525064  0.61614555 -0.05714505]
 [ 0.34877735  0.5262236  -0.02303684]
 [ 0.34507275  0.43194425 -0.03581827]
 [ 0.34139678  0.37402278 -0.04577546]
 [ 0.33630443  0.32300818 -0.05427075]
 [ 0.30078837  0.52783549 -0.02663773]
 [ 0.28029191  0.42395878 -0.0390683 ]
 [ 0.2650139   0.35988015 -0.05593541]
 [ 0.25101224  0.30982649 -0.0668804 ]
 [ 0.26455259  0.5574007  -0.03316583]
 [ 0.22988757  0.46958184 -0.06232663]
 [ 0.20665824  0.40811709 -0.09392868]
 [ 0.18544005  0.35620797 -0.11429819]
 [ 0.2386349   0.60661572 -0.04047745]
 [ 0.24733612  0.58791089 -0.07773899]
 [ 0.27073637  0.62553978 -0.09515926]
 [ 0.28899625  0.66345543 -0.10365175]]
[[ 7.75331199e-01  6.74898624e-01  3.52209298e-07]
 [ 7.49672294e-01  6.83425307e-01 -3.39725278e-02]
 [ 7.24954605e-01  6.61785841e-01 -5.15504964e-02]
 [ 7.23331869e-01  6.09669685e-01 -6.46863878e-02]
 [ 7.25441098e-01  5.62770665e-01 -7.72000253e-02]
 [ 6.58048987e-01  5.90577960e-01 -3.04484479e-02]
 [ 6.16420984e-01  5.40605605e-01 -4.75789122e-02]
 [ 5.90579093e-01  5.07248163e-01 -6.24037199e-02]
 [ 5.69485486e-01  4.78992403e-01 -7.38941655e-02]
 [ 6.71467900e-01  5.55426836e-01 -2.73482427e-02]
 [ 6.28047228e-01  4.98427302e-01 -4.10152748e-02]
 [ 5.99011600e-01  4.59820449e-01 -5.57876937e-02]
 [ 5.73559225e-01  4.29919034e-01 -6.68741614e-02]
 [ 6.93960905e-01  5.39029539e-01 -2.77153309e-02]
 [ 6.57045245e-01  4.81245488e-01 -4.47669141e-02]
 [ 6.29829526e-01  4.44278270e-01 -6.16424531e-02]
 [ 6.03695750e-01  4.16923910e-01 -7.41829276e-02]
 [ 7.23864138e-01  5.36735892e-01 -3.07332166e-02]
 [ 7.11977303e-01  4.98942524e-01 -5.06791733e-02]
 [ 7.06070304e-01  4.88599271e-01 -6.05412610e-02]
 [ 6.99757934e-01  4.88536239e-01 -6.64560348e-02]]
[[ 0.          0.          0.        ]
 [ 0.74967229  0.68342531 -0.03397253]
 [ 0.72495461  0.66178584 -0.0515505 ]
 [ 0.72333187  0.60966969 -0.06468639]
 [ 0.7254411   0.56277066 -0.07720003]
 [ 0.65804899  0.59057796 -0.03044845]
 [ 0.61642098  0.5406056  -0.04757891]
 [ 0.59057909  0.50724816 -0.06240372]
 [ 0.56948549  0.4789924  -0.07389417]
 [ 0.6714679   0.55542684 -0.02734824]
 [ 0.62804723  0.4984273  -0.04101527]
 [ 0.5990116   0.45982045 -0.05578769]
 [ 0.57355922  0.42991903 -0.06687416]
 [ 0.69396091  0.53902954 -0.02771533]
 [ 0.65704525  0.48124549 -0.04476691]
 [ 0.62982953  0.44427827 -0.06164245]
 [ 0.60369575  0.41692391 -0.07418293]
 [ 0.72386414  0.53673589 -0.03073322]
 [ 0.7119773   0.49894252 -0.05067917]
 [ 0.7060703   0.48859927 -0.06054126]
 [ 0.69975793  0.48853624 -0.06645603]]
[[ 6.42970443e-01  8.07573199e-01  2.43578398e-07]
 [ 5.98540246e-01  7.71241248e-01 -1.52405733e-02]
 [ 5.72303474e-01  7.01756597e-01 -1.98887922e-02]
 [ 5.99774837e-01  6.42989337e-01 -2.54995171e-02]
 [ 6.36316717e-01  6.22345626e-01 -3.20678204e-02]
 [ 5.68788230e-01  6.11100793e-01 -2.39675492e-03]
 [ 5.51240087e-01  5.33344567e-01 -1.28261289e-02]
 [ 5.44017553e-01  4.85116184e-01 -2.42548939e-02]
 [ 5.38966596e-01  4.42357123e-01 -3.43268625e-02]
 [ 6.01025403e-01  5.95459521e-01 -9.92849376e-03]
 [ 5.88285387e-01  5.07526040e-01 -1.80010665e-02]
 [ 5.84053874e-01  4.51826453e-01 -2.85098162e-02]
 [ 5.81185400e-01  4.07291263e-01 -3.68848331e-02]
 [ 6.34609640e-01  5.99216998e-01 -2.11378653e-02]
 [ 6.34107530e-01  5.14780343e-01 -3.55507918e-02]
 [ 6.31633639e-01  4.66783673e-01 -4.91010547e-02]
 [ 6.28769934e-01  4.27710712e-01 -5.90954609e-02]
 [ 6.70423865e-01  6.18739367e-01 -3.43573056e-02]
 [ 6.68371439e-01  5.57938457e-01 -4.89580221e-02]
 [ 6.59532189e-01  5.75178027e-01 -5.02958745e-02]
 [ 6.51501417e-01  6.04118049e-01 -5.14045320e-02]]
[[ 0.          0.          0.        ]
 [ 0.59854025  0.77124125 -0.01524057]
 [ 0.57230347  0.7017566  -0.01988879]
 [ 0.59977484  0.64298934 -0.02549952]
 [ 0.63631672  0.62234563 -0.03206782]
 [ 0.56878823  0.61110079 -0.00239675]
 [ 0.55124009  0.53334457 -0.01282613]
 [ 0.54401755  0.48511618 -0.02425489]
 [ 0.5389666   0.44235712 -0.03432686]
 [ 0.6010254   0.59545952 -0.00992849]
 [ 0.58828539  0.50752604 -0.01800107]
 [ 0.58405387  0.45182645 -0.02850982]
 [ 0.5811854   0.40729126 -0.03688483]
 [ 0.63460964  0.599217   -0.02113787]
 [ 0.63410753  0.51478034 -0.03555079]
 [ 0.63163364  0.46678367 -0.04910105]
 [ 0.62876993  0.42771071 -0.05909546]
 [ 0.67042387  0.61873937 -0.03435731]
 [ 0.66837144  0.55793846 -0.04895802]
 [ 0.65953219  0.57517803 -0.05029587]
 [ 0.65150142  0.60411805 -0.05140453]]
[[ 4.37172204e-01  6.53682649e-01  2.43960045e-07]
 [ 4.31614876e-01  7.10102856e-01 -1.82561576e-02]
 [ 3.94297510e-01  7.66826212e-01 -2.28206236e-02]
 [ 3.45744163e-01  7.55566061e-01 -2.65248902e-02]
 [ 3.12949210e-01  7.22538769e-01 -3.09683867e-02]
 [ 3.33046347e-01  8.03743303e-01 -6.63476018e-03]
 [ 2.88301885e-01  8.55512857e-01 -1.43078817e-02]
 [ 2.59076118e-01  8.82523596e-01 -2.24526785e-02]
 [ 2.32825398e-01  9.05809879e-01 -3.05972509e-02]
 [ 3.10265839e-01  7.71575868e-01 -1.11149410e-02]
 [ 2.56088972e-01  8.19271863e-01 -1.65952407e-02]
 [ 2.21129715e-01  8.43384802e-01 -2.58351807e-02]
 [ 1.93258896e-01  8.63565683e-01 -3.40521038e-02]
 [ 3.02207381e-01  7.32080460e-01 -1.90616306e-02]
 [ 2.48480439e-01  7.62086749e-01 -3.37844640e-02]
 [ 2.16123998e-01  7.81674445e-01 -4.94159423e-02]
 [ 1.89599365e-01  7.98507631e-01 -6.11510873e-02]
 [ 3.05069387e-01  6.86273575e-01 -2.85243709e-02]
 [ 2.76518852e-01  7.17879772e-01 -4.60567437e-02]
 [ 2.96390057e-01  7.20453680e-01 -5.00246026e-02]
 [ 3.21039587e-01  7.14601636e-01 -5.28749116e-02]]
[[ 0.          0.          0.        ]
 [ 0.43161488  0.71010286 -0.01825616]
 [ 0.39429751  0.76682621 -0.02282062]
 [ 0.34574416  0.75556606 -0.02652489]
 [ 0.31294921  0.72253877 -0.03096839]
 [ 0.33304635  0.8037433  -0.00663476]
 [ 0.28830189  0.85551286 -0.01430788]
 [ 0.25907612  0.8825236  -0.02245268]
 [ 0.2328254   0.90580988 -0.03059725]
 [ 0.31026584  0.77157587 -0.01111494]
 [ 0.25608897  0.81927186 -0.01659524]
 [ 0.22112972  0.8433848  -0.02583518]
 [ 0.1932589   0.86356568 -0.0340521 ]
 [ 0.30220738  0.73208046 -0.01906163]
 [ 0.24848044  0.76208675 -0.03378446]
 [ 0.216124    0.78167444 -0.04941594]
 [ 0.18959936  0.79850763 -0.06115109]
 [ 0.30506939  0.68627357 -0.02852437]
 [ 0.27651885  0.71787977 -0.04605674]
 [ 0.29639006  0.72045368 -0.0500246 ]
 [ 0.32103959  0.71460164 -0.05287491]]
[[ 3.07734907e-01  6.84709966e-01  7.48211107e-07]
 [ 3.60101402e-01  6.83947027e-01 -2.59397104e-02]
 [ 4.11843568e-01  6.55838311e-01 -3.77602130e-02]
 [ 4.36449856e-01  6.08069599e-01 -4.78719771e-02]
 [ 4.35125887e-01  5.57005167e-01 -5.84479347e-02]
 [ 4.38520998e-01  5.27522624e-01 -1.82291195e-02]
 [ 4.91919518e-01  4.70651209e-01 -3.51190716e-02]
 [ 5.24192810e-01  4.34654057e-01 -5.02280220e-02]
 [ 5.51041186e-01  4.03273791e-01 -6.00222200e-02]
 [ 4.10222054e-01  4.90989536e-01 -1.93142686e-02]
 [ 4.54166025e-01  4.00160491e-01 -2.98774708e-02]
 [ 4.81476456e-01  3.47115815e-01 -4.21213433e-02]
 [ 5.04231155e-01  3.08051348e-01 -5.04463129e-02]
 [ 3.75304610e-01  4.81493860e-01 -2.38226913e-02]
 [ 3.99109930e-01  3.91179979e-01 -4.26843204e-02]
 [ 4.15923178e-01  3.40055168e-01 -5.91631420e-02]
 [ 4.30754095e-01  3.03208202e-01 -7.02606440e-02]
 [ 3.37395608e-01  4.95089233e-01 -3.02518550e-02]
 [ 3.65179509e-01  4.63365197e-01 -5.15445359e-02]
 [ 3.78454447e-01  4.85857695e-01 -5.62564209e-02]
 [ 3.85262161e-01  5.12908578e-01 -5.70627041e-02]]
[[ 0.          0.          0.        ]
 [ 0.3601014   0.68394703 -0.02593971]
 [ 0.41184357  0.65583831 -0.03776021]
 [ 0.43644986  0.6080696  -0.04787198]
 [ 0.43512589  0.55700517 -0.05844793]
 [ 0.438521    0.52752262 -0.01822912]
 [ 0.49191952  0.47065121 -0.03511907]
 [ 0.52419281  0.43465406 -0.05022802]
 [ 0.55104119  0.40327379 -0.06002222]
 [ 0.41022205  0.49098954 -0.01931427]
 [ 0.45416602  0.40016049 -0.02987747]
 [ 0.48147646  0.34711581 -0.04212134]
 [ 0.50423115  0.30805135 -0.05044631]
 [ 0.37530461  0.48149386 -0.02382269]
 [ 0.39910993  0.39117998 -0.04268432]
 [ 0.41592318  0.34005517 -0.05916314]
 [ 0.4307541   0.3032082  -0.07026064]
 [ 0.33739561  0.49508923 -0.03025186]
 [ 0.36517951  0.4633652  -0.05154454]
 [ 0.37845445  0.4858577  -0.05625642]
 [ 0.38526216  0.51290858 -0.0570627 ]]
[[ 3.70521903e-01  3.96127522e-01  6.59924524e-07]
 [ 3.48418236e-01  4.65459138e-01 -3.47718969e-02]
 [ 3.60982329e-01  5.39620101e-01 -5.19337095e-02]
 [ 4.18402433e-01  5.66808343e-01 -6.61828369e-02]
 [ 4.66615915e-01  5.63535452e-01 -8.08731765e-02]
 [ 3.92350882e-01  6.59865499e-01 -3.17665040e-02]
 [ 3.88972878e-01  7.70700336e-01 -5.53605035e-02]
 [ 3.90014946e-01  8.36213171e-01 -7.64952898e-02]
 [ 3.94088596e-01  8.91963124e-01 -9.16511193e-02]
 [ 4.36880648e-01  6.53198004e-01 -3.26872319e-02]
 [ 4.53416348e-01  7.66481280e-01 -4.87061962e-02]
 [ 4.66838509e-01  8.32932174e-01 -6.58151358e-02]
 [ 4.79086608e-01  8.88926506e-01 -7.83446506e-02]
 [ 4.69747245e-01  6.19934738e-01 -3.77569869e-02]
 [ 5.02414167e-01  7.13197768e-01 -5.50845526e-02]
 [ 5.19656360e-01  7.72388935e-01 -7.15271980e-02]
 [ 5.33740401e-01  8.24198961e-01 -8.34041685e-02]
 [ 4.95966882e-01  5.64484000e-01 -4.60912697e-02]
 [ 5.30770004e-01  6.20960712e-01 -6.23303726e-02]
 [ 5.37375033e-01  6.37950301e-01 -6.60089925e-02]
 [ 5.38635612e-01  6.46594465e-01 -6.75902963e-02]]
[[ 0.          0.          0.        ]
 [ 0.34841824  0.46545914 -0.0347719 ]
 [ 0.36098233  0.5396201  -0.05193371]
 [ 0.41840243  0.56680834 -0.06618284]
 [ 0.46661592  0.56353545 -0.08087318]
 [ 0.39235088  0.6598655  -0.0317665 ]
 [ 0.38897288  0.77070034 -0.0553605 ]
 [ 0.39001495  0.83621317 -0.07649529]
 [ 0.3940886   0.89196312 -0.09165112]
 [ 0.43688065  0.653198   -0.03268723]
 [ 0.45341635  0.76648128 -0.0487062 ]
 [ 0.46683851  0.83293217 -0.06581514]
 [ 0.47908661  0.88892651 -0.07834465]
 [ 0.46974725  0.61993474 -0.03775699]
 [ 0.50241417  0.71319777 -0.05508455]
 [ 0.51965636  0.77238894 -0.0715272 ]
 [ 0.5337404   0.82419896 -0.08340417]
 [ 0.49596688  0.564484   -0.04609127]
 [ 0.53077     0.62096071 -0.06233037]
 [ 0.53737503  0.6379503  -0.06600899]
 [ 0.53863561  0.64659446 -0.0675903 ]]













 =======================================================

 [[ 0.          0.          0.        ]
 [ 0.36145836  0.75133109 -0.02889182]
 [ 0.41305959  0.70339513 -0.04353641]
 [ 0.43122402  0.6525135  -0.05796304]
 [ 0.41446963  0.61288399 -0.07040331]
 [ 0.41402936  0.57016915 -0.01565227]
 [ 0.4542568   0.49259526 -0.04144102]
 [ 0.48241043  0.44693208 -0.05969494]
 [ 0.50582898  0.41096884 -0.06802586]
 [ 0.37878922  0.54776418 -0.01672085]
 [ 0.39776489  0.44173908 -0.03975732]
 [ 0.4186182   0.38841408 -0.0537642 ]
 [ 0.43727663  0.35530704 -0.0575958 ]
 [ 0.34115964  0.55314738 -0.0221218 ]
 [ 0.36985642  0.51704317 -0.05365615]
 [ 0.38475025  0.56386369 -0.05793366]
 [ 0.38950506  0.60465592 -0.04881455]
 [ 0.30590197  0.5733344  -0.03009807]
 [ 0.33392724  0.55175972 -0.0490968 ]
 [ 0.34964123  0.58066285 -0.04394122]
 [ 0.35479772  0.60752767 -0.03257231]]
[[ 0.          0.          0.        ]
 [ 0.35579145  0.73427153 -0.02882808]
 [ 0.37267298  0.65951252 -0.03964754]
 [ 0.32735887  0.62789458 -0.04742125]
 [ 0.27525064  0.61614555 -0.05714505]
 [ 0.34877735  0.5262236  -0.02303684]
 [ 0.34507275  0.43194425 -0.03581827]
 [ 0.34139678  0.37402278 -0.04577546]
 [ 0.33630443  0.32300818 -0.05427075]
 [ 0.30078837  0.52783549 -0.02663773]
 [ 0.28029191  0.42395878 -0.0390683 ]
 [ 0.2650139   0.35988015 -0.05593541]
 [ 0.25101224  0.30982649 -0.0668804 ]
 [ 0.26455259  0.5574007  -0.03316583]
 [ 0.22988757  0.46958184 -0.06232663]
 [ 0.20665824  0.40811709 -0.09392868]
 [ 0.18544005  0.35620797 -0.11429819]
 [ 0.2386349   0.60661572 -0.04047745]
 [ 0.24733612  0.58791089 -0.07773899]
 [ 0.27073637  0.62553978 -0.09515926]
 [ 0.28899625  0.66345543 -0.10365175]]
[[ 0.          0.          0.        ]
 [ 0.74967229  0.68342531 -0.03397253]
 [ 0.72495461  0.66178584 -0.0515505 ]
 [ 0.72333187  0.60966969 -0.06468639]
 [ 0.7254411   0.56277066 -0.07720003]
 [ 0.65804899  0.59057796 -0.03044845]
 [ 0.61642098  0.5406056  -0.04757891]
 [ 0.59057909  0.50724816 -0.06240372]
 [ 0.56948549  0.4789924  -0.07389417]
 [ 0.6714679   0.55542684 -0.02734824]
 [ 0.62804723  0.4984273  -0.04101527]
 [ 0.5990116   0.45982045 -0.05578769]
 [ 0.57355922  0.42991903 -0.06687416]
 [ 0.69396091  0.53902954 -0.02771533]
 [ 0.65704525  0.48124549 -0.04476691]
 [ 0.62982953  0.44427827 -0.06164245]
 [ 0.60369575  0.41692391 -0.07418293]
 [ 0.72386414  0.53673589 -0.03073322]
 [ 0.7119773   0.49894252 -0.05067917]
 [ 0.7060703   0.48859927 -0.06054126]
 [ 0.69975793  0.48853624 -0.06645603]]
[[ 0.          0.          0.        ]
 [ 0.59854025  0.77124125 -0.01524057]
 [ 0.57230347  0.7017566  -0.01988879]
 [ 0.59977484  0.64298934 -0.02549952]
 [ 0.63631672  0.62234563 -0.03206782]
 [ 0.56878823  0.61110079 -0.00239675]
 [ 0.55124009  0.53334457 -0.01282613]
 [ 0.54401755  0.48511618 -0.02425489]
 [ 0.5389666   0.44235712 -0.03432686]
 [ 0.6010254   0.59545952 -0.00992849]
 [ 0.58828539  0.50752604 -0.01800107]
 [ 0.58405387  0.45182645 -0.02850982]
 [ 0.5811854   0.40729126 -0.03688483]
 [ 0.63460964  0.599217   -0.02113787]
 [ 0.63410753  0.51478034 -0.03555079]
 [ 0.63163364  0.46678367 -0.04910105]
 [ 0.62876993  0.42771071 -0.05909546]
 [ 0.67042387  0.61873937 -0.03435731]
 [ 0.66837144  0.55793846 -0.04895802]
 [ 0.65953219  0.57517803 -0.05029587]
 [ 0.65150142  0.60411805 -0.05140453]]
[[ 0.          0.          0.        ]
 [ 0.43161488  0.71010286 -0.01825616]
 [ 0.39429751  0.76682621 -0.02282062]
 [ 0.34574416  0.75556606 -0.02652489]
 [ 0.31294921  0.72253877 -0.03096839]
 [ 0.33304635  0.8037433  -0.00663476]
 [ 0.28830189  0.85551286 -0.01430788]
 [ 0.25907612  0.8825236  -0.02245268]
 [ 0.2328254   0.90580988 -0.03059725]
 [ 0.31026584  0.77157587 -0.01111494]
 [ 0.25608897  0.81927186 -0.01659524]
 [ 0.22112972  0.8433848  -0.02583518]
 [ 0.1932589   0.86356568 -0.0340521 ]
 [ 0.30220738  0.73208046 -0.01906163]
 [ 0.24848044  0.76208675 -0.03378446]
 [ 0.216124    0.78167444 -0.04941594]
 [ 0.18959936  0.79850763 -0.06115109]
 [ 0.30506939  0.68627357 -0.02852437]
 [ 0.27651885  0.71787977 -0.04605674]
 [ 0.29639006  0.72045368 -0.0500246 ]
 [ 0.32103959  0.71460164 -0.05287491]]
[[ 0.          0.          0.        ]
 [ 0.3601014   0.68394703 -0.02593971]
 [ 0.41184357  0.65583831 -0.03776021]
 [ 0.43644986  0.6080696  -0.04787198]
 [ 0.43512589  0.55700517 -0.05844793]
 [ 0.438521    0.52752262 -0.01822912]
 [ 0.49191952  0.47065121 -0.03511907]
 [ 0.52419281  0.43465406 -0.05022802]
 [ 0.55104119  0.40327379 -0.06002222]
 [ 0.41022205  0.49098954 -0.01931427]
 [ 0.45416602  0.40016049 -0.02987747]
 [ 0.48147646  0.34711581 -0.04212134]
 [ 0.50423115  0.30805135 -0.05044631]
 [ 0.37530461  0.48149386 -0.02382269]
 [ 0.39910993  0.39117998 -0.04268432]
 [ 0.41592318  0.34005517 -0.05916314]
 [ 0.4307541   0.3032082  -0.07026064]
 [ 0.33739561  0.49508923 -0.03025186]
 [ 0.36517951  0.4633652  -0.05154454]
 [ 0.37845445  0.4858577  -0.05625642]
 [ 0.38526216  0.51290858 -0.0570627 ]]
[[ 0.          0.          0.        ]
 [ 0.34841824  0.46545914 -0.0347719 ]
 [ 0.36098233  0.5396201  -0.05193371]
 [ 0.41840243  0.56680834 -0.06618284]
 [ 0.46661592  0.56353545 -0.08087318]
 [ 0.39235088  0.6598655  -0.0317665 ]
 [ 0.38897288  0.77070034 -0.0553605 ]
 [ 0.39001495  0.83621317 -0.07649529]
 [ 0.3940886   0.89196312 -0.09165112]
 [ 0.43688065  0.653198   -0.03268723]
 [ 0.45341635  0.76648128 -0.0487062 ]
 [ 0.46683851  0.83293217 -0.06581514]
 [ 0.47908661  0.88892651 -0.07834465]
 [ 0.46974725  0.61993474 -0.03775699]
 [ 0.50241417  0.71319777 -0.05508455]
 [ 0.51965636  0.77238894 -0.0715272 ]
 [ 0.5337404   0.82419896 -0.08340417]
 [ 0.49596688  0.564484   -0.04609127]
 [ 0.53077     0.62096071 -0.06233037]
 [ 0.53737503  0.6379503  -0.06600899]
 [ 0.53863561  0.64659446 -0.0675903 ]]
data modification done..